390717 135 18 16 287 6 3 1 0 0 219 43 232 0 109
164 222 0 0 0 0 0 0 0 0 0 0 0 0 0
17 0 25521 0 0 0 0 0 0 0 0 0 0 0 0
19 0 0 2034 1 2 0 0 0 0 0 0 0 0 0
197 0 3 0 33061 0 0 0 0 0 7 0 0 0 2
6 0 0 0 0 1031 5 0 0 0 0 0 1 0 0
6 0 0 0 0 3 986 0 0 0 0 0 1 0 0
3 0 0 0 0 0 0 848 0 0 0 0 0 0 0
1 0 0 0 0 0 0 0 1 0 0 0 0 0 0
1 0 0 0 0 0 0 0 0 6 0 0 0 0 0
179 0 0 0 7 0 0 0 0 0 17936 0 2 0 0
13 0 0 0 0 0 0 0 0 0 0 617 0 0 0
213 0 0 0 1 1 0 0 0 0 1 0 56 1 12
1 0 0 0 0 0 0 0 0 0 0 0 1 2 0
118 0 0 0 1 0 0 0 0 0 0 0 5 0 6
