381600 5174 40 431 481 108 71 7 0 2 229 184 1647 14 1798
2 384 0 0 0 0 0 0 0 0 0 0 0 0 0
10 0 25526 0 2 0 0 0 0 0 0 0 0 0 0
3 0 0 2046 5 2 0 0 0 0 0 0 0 0 0
11 0 4 45 33158 0 1 0 0 0 7 0 2 2 40
0 0 0 0 0 1035 7 0 0 0 0 0 1 0 0
0 0 0 0 0 2 990 0 0 0 0 0 4 0 0
0 0 0 0 0 0 0 850 0 0 0 0 0 0 1
0 0 0 0 0 0 0 0 2 0 0 0 0 0 0
0 0 0 0 0 0 0 0 0 7 0 0 0 0 0
5 0 0 0 8 0 0 0 0 0 18109 0 1 0 1
0 0 0 0 0 0 0 0 0 0 0 630 0 0 0
0 0 0 0 2 0 0 0 0 0 0 0 172 1 110
1 0 0 0 0 0 0 0 0 0 0 0 0 3 0
1 0 0 1 0 0 0 0 0 0 0 0 37 0 91
